20 19
1 2 3 4 5 6 7 8 9 10 11 12 13 14 15 16 17 18 19
74 75 76 77 78 79 80 81 82 83 84 85 86 87 88 89 90 91 20
73 140 141 142 143 144 145 146 147 148 149 150 151 152 153 154 155 92 21
72 139 198 199 200 201 202 203 204 205 206 207 208 209 210 211 156 93 22
71 138 197 248 249 250 251 252 253 254 255 256 257 258 259 212 157 94 23
70 137 196 247 290 291 292 293 294 295 296 297 298 299 260 213 158 95 24
69 136 195 246 289 324 325 326 327 328 329 330 331 300 261 214 159 96 25
68 135 194 245 288 323 350 351 352 353 354 355 332 301 262 215 160 97 26
67 134 193 244 287 322 349 368 369 370 371 356 333 302 263 216 161 98 27
66 133 192 243 286 321 348 367 378 379 372 357 334 303 264 217 162 99 28
65 132 191 242 285 320 347 366 377 380 373 358 335 304 265 218 163 100 29
64 131 190 241 284 319 346 365 376 375 374 359 336 305 266 219 164 101 30
63 130 189 240 283 318 345 364 363 362 361 360 337 306 267 220 165 102 31
62 129 188 239 282 317 344 343 342 341 340 339 338 307 268 221 166 103 32
61 128 187 238 281 316 315 314 313 312 311 310 309 308 269 222 167 104 33
60 127 186 237 280 279 278 277 276 275 274 273 272 271 270 223 168 105 34
59 126 185 236 235 234 233 232 231 230 229 228 227 226 225 224 169 106 35
58 125 184 183 182 181 180 179 178 177 176 175 174 173 172 171 170 107 36
57 124 123 122 121 120 119 118 117 116 115 114 113 112 111 110 109 108 37
56 55 54 53 52 51 50 49 48 47 46 45 44 43 42 41 40 39 38
14 7
